12088
12089
12090
12091
12092
12095
12096
12097
12099
12100
12101
12102
12109
12110
12111
12112
12114
12116
12117
12120
12254
12255
12256
12257
12258
12259
12260
12261
12262
12266
12267
12268
12269
12270
12271
12272
12273
12274
12275
12276
15676
15678
15680
15681
15683
15685
15686
15687
15688
15690
15691
15692
15694
15695
15696
15697
15705
15707
15708
15709
15710
15711
15712
15713
15715
15716
15717
15722
15987
15989
15990
15991
15993
15994
15995
15996
15999
16001
16002
16003
16005
16009
16010
16011
16016
16018
16019
16020
16021
16022
16023
16024
16025
16027
16028
16033
